15.7547 20.9911 -0.0442055 6.19737 1.95906 4.50539 4.71653 0 0.284317 
48.1508 27.1515 -0.806718 3.92252 1.61223 2.02372 2.94806 0 0.177582 
50.6693 2.45035 -0.81901 3.89947 1.54243 2.3025 3.35659 0 0.171959 
14.6796 12.3233 -0.676169 4.34419 2.14838 2.66682 4.94091 0 0.140459 
6.34734 -5.6618 -1.23541 0.472425 0.318869 1.08704 3.27788 1 0.130787 
68.577 -4.98186 -0.111188 4.25189 1.59348 1.51207 3.2389 0 0.130434 
13.1407 1.71599 -0.942075 0.607329 0.570328 1.7286 2.44704 1 0.125372 
9.38516 -6.64145 -0.653333 0.911232 0.61952 1.90726 4.49685 1 0.120847 
56.7258 23.962 -1.25117 3.79062 1.66853 1.59126 3.32126 0 0.118333 
0.550931 37.3028 -0.579125 3.76523 1.63462 1.61213 1.55702 0 0.109261 
7.86305 2.20714 -0.844534 4.13259 1.75084 2.1171 4.77064 0 0.104109 
53.6537 21.3934 -1.23539 4.27381 1.57709 2.0426 3.14738 0 0.101018 
