19.2525 -3.68967 -0.740123 3.76747 1.60762 1.54503 5.98195 0 0.740643 
18.2819 -7.31069 -0.547517 1.72735 0.540064 1.77203 6.31274 2 0.478917 
4.54295 -4.49186 -0.854729 0.849818 0.557835 1.63982 6.70139 1 0.392249 
17.06 -10.0449 -0.436886 1.8012 0.622777 1.61363 1.42663 2 0.342554 
9.90103 10.7319 -0.422058 1.69177 0.567125 1.72643 6.02963 2 0.335205 
15.1356 -6.59019 -0.539101 0.761381 0.619497 1.68187 2.3656 1 0.328514 
0.722502 -19.7131 -0.769733 1.96168 0.540504 1.7744 5.30073 2 0.310377 
10.6275 7.99949 -0.567717 0.828645 0.654609 1.77226 1.53268 1 0.309834 
6.83004 -0.843898 -0.813113 1.1066 0.530223 1.79107 1.19941 1 0.301984 
13.4292 -8.4793 -0.440017 0.857044 0.622605 1.73636 1.98977 1 0.29926 
24.2977 -8.53816 -0.482462 0.812987 0.635705 1.82505 1.86519 1 0.29744 
12.8221 -9.45378 -0.312659 0.815815 0.608476 1.73574 3.55534 1 0.270971 
5.89162 9.10498 -0.493716 1.78018 0.671843 1.81494 2.98788 2 0.259712 
9.60762 8.25069 -0.622208 0.59761 0.681849 1.68519 5.73692 1 0.25454 
6.04709 -5.20427 -0.699844 0.988852 0.609779 1.76992 4.45323 1 0.246044 
8.60862 -1.44515 -0.719669 1.10808 0.695667 1.83978 4.30186 1 0.236525 
5.42723 -8.19001 -0.540127 1.81956 0.649145 1.699 1.40448 2 0.223648 
13.8518 -7.17738 -0.446776 0.795653 0.579149 1.76937 3.13414 1 0.219857 
19.6133 5.99753 -0.658351 1.67403 0.553954 1.70479 2.6831 2 0.21602 
6.437 -10.3421 -0.421585 0.642891 0.604661 1.72777 1.53555 1 0.213535 
12.8628 -11.6671 -0.400966 1.65383 0.440011 1.54643 5.92844 2 0.198192 
65.8986 -12.7396 -0.0313683 3.70282 1.70222 1.62919 5.76714 0 0.193373 
5.20625 -5.05614 -0.719639 0.968831 0.54779 1.7815 1.6024 1 0.190432 
8.69372 9.36892 -0.485356 0.916247 0.585208 1.77723 4.99068 1 0.186119 
15.4386 -9.03904 -0.270222 0.818707 0.637741 1.72764 2.58393 1 0.185152 
5.15422 -6.48135 -0.665345 0.943566 0.591122 1.73689 4.73644 1 0.182584 
1.16231 -3.96315 -0.924803 0.697707 0.594826 1.63792 3.07256 1 0.180129 
3.5197 9.55207 -0.555191 0.863009 0.585274 1.79425 1.75132 1 0.17989 
14.2075 -7.761 -0.380176 0.713982 0.586602 1.75285 6.66459 1 0.179555 
6.12557 -1.71322 -0.774622 0.900965 0.608192 1.75847 2.06455 1 0.1683 
4.46995 9.38771 -0.506404 0.829931 0.592847 1.77272 1.6961 1 0.157574 
16.6657 -7.33419 -0.582628 1.74412 0.615046 1.65418 1.2543 2 0.155842 
8.66377 8.46946 -0.525525 0.775273 0.626409 1.73986 3.14877 1 0.154209 
66.6719 -17.1794 -0.802488 4.00322 1.63542 1.5387 1.33938 0 0.146009 
7.75491 9.46398 -0.521226 0.890605 0.577691 1.7723 1.96749 1 0.142551 
14.7122 -7.23659 -0.68566 0.649213 0.427413 1.39092 2.72346 1 0.141562 
6.73731 9.71833 -0.452598 0.842762 0.622094 1.82172 1.70626 1 0.138563 
5.77692 -6.18109 -0.686638 0.981488 0.559035 1.76772 1.39746 1 0.136399 
1.59556 9.7761 -0.570281 0.863996 0.619516 1.78781 1.55572 1 0.134914 
3.89671 -7.83833 -0.744396 0.909932 0.491044 1.63342 4.48379 1 0.134512 
40.8547 -12.5178 -0.046631 1.75794 0.646368 1.86273 1.35099 2 0.133201 
32.0194 3.92625 -0.613057 1.84686 0.508992 1.76663 2.92574 2 0.131012 
13.1267 21.6375 0.483126 1.68949 0.500352 1.7048 6.29065 2 0.128115 
1.89736 -22.6539 -0.90497 0.608382 0.637706 1.80058 5.63541 1 0.12128 
6.75475 -5.86429 -0.64016 0.897214 0.578738 1.74378 4.74902 1 0.120861 
15.796 -11.3973 -0.331104 0.753703 0.646887 1.80272 6.11973 1 0.112578 
16.2609 -12.381 -0.328922 1.64537 0.405017 1.67858 5.82137 2 0.111765 
2.83938 -12.7032 -0.565101 0.669205 0.521711 1.56195 5.42309 1 0.111468 
3.59065 10.4239 -0.434171 0.750946 0.5862 1.85022 2.0087 1 0.106648 
3.74251 -14.0518 -0.534105 0.505382 0.500283 1.67901 5.87452 1 0.105862 
2.55154 9.78444 -0.574731 0.825701 0.574495 1.83204 1.5156 1 0.105147 
2.9376 10.7125 -0.581239 0.450458 0.611728 1.69688 5.3546 1 0.102237 
4.49447 10.4129 -0.541822 0.623137 0.523313 1.66895 1.2767 1 0.101939 
7.03311 -10.5074 -0.319436 0.671526 0.600508 1.72631 4.65332 1 0.101289 
