8.7769 -2.98331 -0.814884 3.8834 1.69052 1.66925 6.30457 0 0.96396 
18.4999 -2.98055 -0.685071 3.78702 1.63496 1.62745 6.32895 0 0.92586 
4.86391 6.9185 -0.839032 4.38308 1.78705 1.78026 1.6012 0 0.921604 
13.6538 -2.96558 -0.674024 3.69112 1.64808 1.76042 6.38658 0 0.919069 
12.4735 6.92555 -0.765202 4.32977 1.68258 1.73607 4.71602 0 0.888331 
2.57435 -3.03333 -0.96045 3.88843 1.66236 1.61179 6.28657 0 0.842868 
23.4553 -3.06651 -0.617729 3.8057 1.64362 1.66312 6.36047 0 0.699073 
1.57582 7.17246 -0.793225 4.28703 1.74025 1.71842 4.77044 0 0.511047 
6.80113 -11.7267 -0.71394 0.787437 0.542384 1.49468 4.2796 1 0.352943 
12.8336 -7.14258 -0.563755 1.85826 0.729263 1.70139 1.12649 2 0.341814 
10.8131 -9.75378 -0.462355 1.76213 0.590263 1.73705 5.66579 2 0.337436 
8.70987 -11.1275 -0.540239 1.73495 0.589876 1.66286 1.82416 2 0.337011 
8.29682 -6.56264 -0.633723 0.814733 0.665196 1.74888 1.80369 1 0.317102 
14.7346 -9.53903 -0.495497 0.413182 0.524511 1.66495 2.05003 1 0.291467 
14.7341 -7.52833 -0.515657 0.546028 0.572036 1.73392 1.68271 1 0.262117 
6.66567 -10.512 -0.548852 0.73368 0.630636 1.65684 3.96849 1 0.258435 
1.85756 -8.22054 -0.692198 0.720582 0.618455 1.73144 2.1859 1 0.244766 
17.0364 -6.27915 -0.415468 1.79161 0.749481 1.93683 3.02626 2 0.24139 
13.3887 11.9882 -0.898659 1.66166 0.472664 1.63971 6.15949 2 0.239722 
5.79499 -11.0819 -0.579926 1.70012 0.598234 1.63719 1.7871 2 0.203813 
19.2227 6.31103 -0.675454 0.904899 0.676013 1.91408 1.90588 1 0.197407 
10.3363 -6.33175 -0.630773 0.798454 0.596412 1.72402 1.8506 1 0.193605 
9.56641 -6.92254 -0.561779 0.739595 0.683869 1.75638 5.91679 1 0.17253 
4.73974 -11.107 -0.602412 0.692257 0.592012 1.67019 3.48076 1 0.170883 
5.04982 -6.97205 -0.653997 0.881043 0.593001 1.82297 1.10281 1 0.155883 
1.78261 -11.087 -0.601669 0.717807 0.564339 1.70512 2.14366 1 0.154659 
19.0887 -6.81047 -0.379786 0.880866 0.642945 1.86368 2.47776 1 0.152811 
7.73644 -9.68005 -0.491467 1.76848 0.536786 1.81339 4.60996 2 0.144932 
1.2955 -7.14107 -0.797538 0.882882 0.579204 1.70546 4.38201 1 0.142196 
33.8469 16.3876 -1.11485 3.52036 1.46351 1.45642 4.62982 0 0.140103 
9.57281 -11.3312 -0.533452 0.763796 0.586273 1.64048 5.33648 1 0.139564 
11.5062 -6.33493 -0.670911 1.63865 0.498105 1.72469 6.12462 2 0.135235 
45.8948 -7.88328 -0.359724 0.350721 0.470118 1.79604 1.9946 1 0.135058 
18.3309 -6.27356 -0.298204 0.978034 0.652013 2.01428 1.35389 1 0.133194 
8.60437 6.27025 -0.786175 1.02343 0.574608 1.86206 2.11874 1 0.129794 
4.80084 -6.25214 -0.637992 0.857273 0.610668 1.84501 3.82198 1 0.120821 
9.87176 -10.4833 -0.46817 0.74951 0.593436 1.65463 2.95505 1 0.114728 
2.92163 -11.7867 -0.527281 0.863194 0.582961 1.79351 2.68461 1 0.114236 
17.7084 -35.1029 -0.564248 1.74952 0.74595 1.87694 4.38639 2 0.108269 
52.9948 19.9036 -0.809002 4.21221 1.64087 1.46973 2.30584 0 0.104453 
23.7726 -7.84328 -0.328302 0.621306 0.588083 1.89069 1.76524 1 0.101815 
