12.9997 -4.33154 -0.82707 4.22399 1.7698 1.72928 6.1923 0 0.942978 
24.6511 -5.38836 -1.0746 4.43548 1.69945 1.4608 6.24447 0 0.927467 
12.5188 4.29417 -0.598923 1.07209 0.65182 1.92674 6.42916 1 0.654665 
42.7796 0.879545 -0.760507 0.692988 0.641256 1.82574 5.04829 1 0.409943 
39.7024 -4.05596 -1.025 4.45324 1.76157 1.58842 6.1157 0 0.377181 
27.7138 2.1508 -0.843839 0.724163 0.74433 1.89675 5.95235 1 0.336571 
22.4508 6.65277 -0.955042 3.7879 1.64036 1.52991 2.70191 0 0.327393 
6.38843 -17.9325 -0.681507 0.816418 0.609018 1.77879 2.09863 1 0.32401 
33.2261 -6.61904 -1.03394 3.64734 1.59203 1.49458 6.22889 0 0.30947 
4.8892 14.8903 -0.948367 3.96157 1.73481 1.70086 6.52059 0 0.285643 
11.1885 9.48078 -0.728066 1.7353 0.547089 1.70591 5.71823 2 0.251364 
43.3859 -21.0709 -0.691039 0.623943 0.69056 1.82734 4.39651 1 0.224448 
12.4641 10.0627 -0.691118 0.806305 0.618456 1.835 6.31101 1 0.223244 
12.8722 -14.9621 -0.853408 1.65689 0.419711 1.60789 6.27428 2 0.210468 
24.0322 3.15315 -0.792554 0.919809 0.636872 1.87132 2.89877 1 0.209688 
19.3435 5.28675 -0.883385 1.75301 0.674117 1.63058 5.28565 2 0.206663 
14.1087 13.3632 -1.16979 3.33086 1.58045 1.48556 6.76592 0 0.205627 
25.0028 2.95564 -0.897087 0.697745 0.521601 1.7628 0.803971 1 0.195379 
3.28734 -40.4133 -1.91758 3.93482 1.64477 1.54632 1.2381 0 0.189177 
20.6438 -14.6124 -1.04738 1.56995 0.346607 1.57072 6.16361 2 0.18337 
11.5028 -25.8489 -0.469562 0.261103 0.537379 1.78187 5.3696 1 0.17018 
34.5982 6.31027 -0.980628 3.99893 1.57385 1.59166 3.4041 0 0.159671 
13.8538 14.6378 -1.14225 1.80761 0.609598 1.69392 6.41338 2 0.157988 
22.7197 1.22207 -0.927115 0.810231 0.623334 1.71194 3.20029 1 0.152585 
6.55308 9.75563 -0.708983 0.894521 0.634455 1.69347 3.71823 1 0.150354 
30.9119 2.83817 -0.818048 0.811062 0.646168 1.94758 1.81893 1 0.146616 
27.0226 -18.4498 -0.865365 0.340712 0.558792 1.89447 7.0655 1 0.131607 
12.1361 -35.9424 -0.180971 0.755144 0.698685 1.85488 2.12957 1 0.129625 
5.46692 -16.9144 -0.656672 0.880922 0.606346 1.81065 2.19432 1 0.121206 
13.8081 22.6194 -0.559222 3.96557 1.65233 1.64222 5.85358 0 0.117699 
4.5014 -31.6384 -0.277035 0.63775 0.675634 1.91577 2.32929 1 0.116771 
29.0345 27.5084 -0.62045 1.76048 0.693177 1.83349 1.81851 2 0.115252 
30.5965 0.0959285 -0.742659 0.846749 0.617027 1.91313 2.76442 1 0.115176 
