5.31793 -6.66751 -0.733259 3.89394 1.68707 1.5283 4.89396 0 0.921447 
23.8596 -1.34423 -0.821128 3.94587 1.7211 1.57324 6.40431 0 0.915028 
20.3895 13.665 -0.971977 4.03984 1.64685 1.82322 3.22751 0 0.752854 
20.9189 -4.89464 -0.65781 0.835868 0.585801 1.68423 4.30457 1 0.536714 
6.62951 -12.0728 -0.56281 4.28338 1.70162 1.77293 4.97006 0 0.484992 
18.9534 -24.9595 -0.0805587 3.76427 1.63434 1.6305 6.98027 0 0.464873 
48.6406 0.0819468 -0.861649 3.93097 1.67657 1.67022 6.31954 0 0.45183 
27.6155 6.07559 -0.667088 0.836167 0.640313 1.98019 3.38988 1 0.447769 
25.0161 7.48982 -0.854369 0.945154 0.639868 1.82791 6.66266 1 0.418739 
26.2163 14.0951 -0.95663 4.31722 1.70587 1.84691 6.32754 0 0.30569 
26.842 -14.6416 0.378891 1.76113 0.558236 1.82859 5.71396 2 0.297378 
8.75451 -20.9589 -0.108268 4.0874 1.68431 1.6617 4.96748 0 0.288037 
18.3946 4.75775 -0.91194 1.7253 0.600054 1.65706 4.49324 2 0.280827 
19.4062 -6.50456 -0.593387 0.784483 0.583948 1.6821 2.27778 1 0.227682 
18.0116 -22.1289 0.0450496 0.31594 0.473067 1.88437 1.06756 1 0.221392 
17.7166 5.97777 -0.920529 0.886256 0.629312 1.72199 1.05316 1 0.213717 
42.7586 6.57306 -0.96549 1.74169 0.512913 1.74905 6.01574 2 0.201765 
17.7372 -29.0458 0.128122 0.552011 0.764337 1.77702 5.89077 1 0.198931 
20.1675 -8.89843 -0.556944 0.789674 0.606887 1.68681 6.33824 1 0.187087 
28.6085 15.0189 -0.8533 0.591593 0.560734 1.90977 6.65138 1 0.180495 
23.5453 6.96372 -0.917609 1.69908 0.460751 1.72492 5.90439 2 0.163146 
20.6232 7.66323 -0.687838 1.00495 0.663446 2.01572 3.70044 1 0.161335 
15.9284 41.017 -1.29409 4.21846 1.67255 1.63007 3.78609 0 0.157094 
26.882 5.59193 -0.802584 0.79384 0.628415 1.82068 2.70541 1 0.155037 
5.48171 40.1244 -0.760348 4.61214 1.80666 1.83681 1.47731 0 0.136999 
15.5224 13.0329 -1.34875 0.510941 0.38402 1.21803 3.6 1 0.135882 
13.3387 37.9497 -0.0161947 2.13898 0.844133 2.76692 5.73315 2 0.129346 
25.4034 -31.7328 0.86779 1.55024 0.449482 1.67505 2.74941 2 0.127221 
20.2201 -34.8174 0.191436 3.67814 1.59944 1.53215 7.0253 0 0.123731 
11.6422 40.009 -0.692812 4.61753 1.84391 2.1138 1.14095 0 0.121529 
10.3773 19.7956 -0.758371 4.43588 1.77475 2.13845 1.05048 0 0.121344 
25.03 -32.6525 0.809513 1.70036 0.655838 1.73163 4.89521 2 0.113734 
5.34363 30.2945 -0.603042 4.48165 1.52856 2.41317 4.28416 0 0.113086 
20.56 -6.25317 -0.699084 0.744666 0.555015 1.6308 2.18245 1 0.111557 
22.7369 -21.0375 0.111123 0.719689 0.63618 1.80007 2.92425 1 0.111247 
23.9814 -25.4767 0.109387 0.594352 0.602381 1.78585 2.82901 1 0.108641 
22.4925 -15.6112 -0.0697218 0.461882 0.503593 1.77682 1.33595 1 0.103643 
18.021 7.23892 -1.08137 1.73203 0.586441 1.64063 1.21031 2 0.100645 
