11.5366 -4.99615 -0.777808 4.50907 1.78234 1.66878 4.75727 0 0.92953 
6.09859 -5.10718 -0.785535 3.92117 1.7104 1.63828 4.77097 0 0.905589 
3.17567 -4.89119 -0.884924 3.65252 1.67349 1.55565 4.69271 0 0.824793 
20.645 6.20942 -1.29475 3.76695 1.58469 1.47828 3.18777 0 0.724809 
52.6124 -4.40996 -0.671718 4.14121 1.6408 1.57853 4.187 0 0.490087 
4.76965 -11.5987 -0.559729 0.681173 0.664236 1.71238 2.47891 1 0.489413 
26.3181 5.96076 -1.34553 3.97444 1.59442 1.51689 3.12127 0 0.406165 
12.7891 6.24153 -1.25135 1.83129 0.840271 1.54606 5.58326 2 0.389412 
11.2944 6.5093 -1.27092 1.82873 0.655739 1.58564 5.3344 2 0.317593 
15.8095 -21.7277 0.276633 0.480192 0.606431 1.81003 1.63467 1 0.295923 
30.6516 5.57602 -1.36541 1.61227 0.501321 1.67267 3.02723 2 0.290442 
28.1977 -6.2118 -0.586082 1.86837 0.624921 1.90563 1.08619 2 0.263243 
14.398 5.97983 -1.20236 1.77099 0.661443 1.67923 5.50258 2 0.24867 
25.6954 -13.6323 -0.120621 0.786005 0.662627 1.78445 3.56685 1 0.236496 
16.686 5.95105 -1.14465 1.74575 0.602241 1.77821 3.04647 2 0.232469 
61.8245 0.122785 -1.13373 4.07085 1.6787 1.50839 3.26092 0 0.226522 
17.0492 -13.3501 0.109086 0.785594 0.679411 1.75375 5.80252 1 0.225637 
9.04463 -13.0799 0.00277124 0.766049 0.587789 1.78541 1.51836 1 0.200912 
36.3508 -19.6957 0.224755 0.808838 0.651001 1.83465 5.5621 1 0.197926 
31.4719 -14.6677 0.0747596 0.73339 0.626811 1.82296 6.0794 1 0.19159 
32.1204 -14.0116 0.00288219 0.604811 0.669186 1.78687 2.08473 1 0.189526 
15.1789 -20.7647 0.0344933 0.448873 0.594979 1.61119 1.8838 1 0.189487 
25.7576 -25.9026 0.444149 0.722323 0.68638 1.74302 5.35789 1 0.188614 
17.1175 -22.2742 -0.000870072 0.601733 0.602848 1.67381 1.68169 1 0.172105 
32.0144 -15.2973 -0.016246 0.543824 0.64141 1.79796 1.97822 1 0.143674 
9.37057 -6.20674 -0.44847 0.880607 0.715713 1.98249 6.19613 1 0.137573 
14.6937 -5.03294 -0.871657 4.00179 1.59869 1.51346 4.96924 0 0.133894 
38.041 5.93105 -1.45424 4.11015 1.59948 1.47025 3.15261 0 0.130123 
19.2835 -6.23806 -0.576405 0.606785 0.637754 1.95325 3.0892 1 0.125735 
54.9418 -8.81467 -0.94609 4.35431 1.70094 1.52128 2.4741 0 0.115619 
25.0621 -28.4054 0.666862 0.531624 0.561413 1.71344 2.01672 1 0.112973 
0.912261 -6.49154 -0.838139 0.932267 0.520197 1.81009 1.16269 1 0.112118 
24.8251 -23.3401 0.0651318 0.572088 0.706166 1.67755 5.81532 1 0.111203 
34.6747 -16.6091 -0.514283 1.62494 0.366612 1.65305 6.57206 2 0.110142 
7.07984 -29.0281 0.306747 0.573166 0.662463 1.69868 5.22401 1 0.109639 
14.1402 -23.0638 0.0903649 0.599592 0.623819 1.6309 1.84077 1 0.108661 
6.75535 5.91079 -1.17158 0.831973 0.622517 1.79642 4.2092 1 0.107394 
12.201 -27.1703 0.252226 0.582358 0.701017 1.72717 5.56451 1 0.104931 
12.8556 -26.4568 0.177471 0.60098 0.619473 1.72127 1.35032 1 0.103998 
19.9798 -26.2874 0.25913 0.597818 0.639407 1.72132 2.00954 1 0.102792 
5.35278 -35.4878 0.527375 1.68625 0.51734 1.67929 5.91632 2 0.1023 
