8.78866 -2.34409 -0.637382 1.05901 0.64746 1.92712 1.8745 1 0.55748 
2.64861 3.18071 -0.810938 0.940434 0.704153 1.89314 3.67545 1 0.484114 
16.0417 17.4968 -0.778198 0.637347 0.574125 1.58008 1.28703 1 0.47093 
2.22769 5.4157 -0.675758 0.910515 0.656953 1.98823 1.94892 1 0.454269 
3.41294 5.85833 -0.680198 0.948512 0.565562 1.86402 3.33364 1 0.413972 
6.32261 -3.41041 -1.0482 0.687891 0.389741 1.27143 3.07308 1 0.409094 
15.4784 14.8603 -0.675436 0.815656 0.554144 1.64569 3.58427 1 0.360185 
9.0151 -8.91111 -0.65516 1.69354 0.439183 1.70602 6.00618 2 0.35644 
3.88762 4.75056 -0.710581 0.823935 0.574927 1.93756 2.12218 1 0.345359 
21.182 -20.067 -0.322046 0.430236 0.545299 1.89644 6.86867 1 0.325011 
8.86559 14.2758 -0.647639 3.51077 1.61524 1.63508 1.48323 0 0.305832 
24.2734 -22.9386 -0.19137 0.469813 0.567276 1.82432 4.48313 1 0.290424 
4.8244 16.3147 -0.561941 1.02448 0.603547 1.86721 2.25383 1 0.280253 
13.246 -8.37451 -0.713664 1.81465 0.654514 1.67227 1.18069 2 0.276232 
15.7784 8.46961 -0.632195 0.819814 0.643355 1.69697 2.82093 1 0.250659 
7.68854 -6.27073 -0.817989 1.78842 0.544773 1.57249 5.26693 2 0.242883 
16.3983 -2.09384 -0.785426 1.66223 0.585736 1.57777 1.08266 2 0.228316 
16.3351 12.4663 -0.566146 0.954736 0.583836 1.76515 6.76456 1 0.20757 
1.63236 -4.01819 -0.906418 0.897405 0.64623 1.73202 4.3482 1 0.206994 
0.984784 13.9805 -0.602934 0.792423 0.59126 1.76688 4.90747 1 0.203387 
14.7445 -0.923975 -0.670416 0.878853 0.584521 1.75463 4.37928 1 0.191752 
14.8123 2.05842 -0.602806 1.76191 0.744359 1.79792 6.34866 2 0.191082 
2.4236 11.6769 -0.668247 1.8009 0.650215 1.66487 5.73621 2 0.190818 
3.50428 16.5415 -0.578463 0.855036 0.578843 1.76688 3.11221 1 0.188872 
20.0453 -6.83539 -0.7937 0.746568 0.568229 1.57712 6.17006 1 0.169668 
20.2423 -3.68201 -0.627372 1.77628 0.631517 1.73003 4.72193 2 0.169516 
5.10013 -4.67781 -0.959979 0.706871 0.620712 1.45647 4.70252 1 0.168621 
22.9124 16.914 -0.765465 0.89245 0.656022 1.65233 3.30024 1 0.167782 
16.6219 -0.104988 -0.821523 0.792307 0.516237 1.55329 3.88143 1 0.166659 
16.1256 -3.46269 -0.749046 0.81992 0.566655 1.69339 5.86761 1 0.162209 
13.4436 -6.62757 -0.714465 0.834952 0.56706 1.73362 1.86772 1 0.160367 
15.08 10.1371 -0.565826 0.858578 0.635043 1.69688 2.94791 1 0.151598 
1.93143 14.9371 -0.688617 1.74051 0.660587 1.50158 6.07922 2 0.151551 
14.1277 -3.36296 -0.747929 0.834663 0.586181 1.70221 2.11367 1 0.150557 
9.27518 -12.97 -0.685308 0.629603 0.611848 1.74645 1.46919 1 0.149452 
12.7158 5.69279 -0.796448 1.59609 0.556611 1.51302 3.07109 2 0.14745 
15.8033 -5.03242 -0.839315 0.746958 0.474655 1.56313 4.22075 1 0.146306 
7.41234 15.91 -0.661047 0.92493 0.545585 1.72359 4.66653 1 0.144587 
20.2501 -18.5507 -0.245826 0.449937 0.669164 1.97049 2.72928 1 0.142249 
15.431 16.231 -0.597571 0.90476 0.541635 1.76339 3.91652 1 0.14095 
24.8186 24.9459 -0.711831 0.631356 0.638512 1.76732 6.87139 1 0.138549 
19.9324 0.0961298 -0.534938 0.865943 0.630837 1.82097 6.66346 1 0.138462 
19.946 1.11724 -0.541999 0.822224 0.62592 1.79235 3.37172 1 0.138197 
4.95992 -7.82049 -0.962928 0.575699 0.57985 1.63625 5.83938 1 0.136794 
14.3799 -4.98008 -0.649011 0.729918 0.609387 1.81368 2.90451 1 0.135682 
15.6371 6.93953 -0.526894 0.961114 0.54621 1.80955 6.80803 1 0.132316 
13.5563 -4.96771 -0.844837 0.699632 0.607055 1.59889 2.44902 1 0.130425 
30.2191 30.2066 -0.675922 3.9388 1.54712 1.42703 0.897135 0 0.129127 
16.9959 15.0186 -0.620719 0.901381 0.599421 1.69817 1.39514 1 0.126611 
6.16454 -7.82094 -0.679111 0.822214 0.633953 1.88425 2.9309 1 0.126482 
15.4436 7.51066 -0.607402 0.810218 0.601797 1.71172 3.74462 1 0.125571 
12.5164 -11.0098 -0.625444 0.908728 0.511289 1.82437 0.993782 1 0.124211 
0.125626 -1.82348 -0.948426 3.86767 1.67715 1.60141 3.5919 0 0.120199 
5.4121 15.5829 -0.633101 0.85488 0.61725 1.79924 4.60466 1 0.117789 
4.0155 -5.02124 -0.931489 0.74148 0.702979 1.53736 5.80607 1 0.116836 
16.9962 3.02406 -0.820711 0.851151 0.496925 1.58666 3.94944 1 0.113492 
15.0749 9.17028 -0.605525 0.814428 0.6086 1.7194 3.01948 1 0.113383 
13.7992 -4.04708 -0.758719 0.674999 0.627115 1.6893 4.00051 1 0.110587 
16.069 13.1494 -0.599261 0.785232 0.654432 1.73669 4.33406 1 0.104837 
6.98607 15.2309 -0.521127 0.933095 0.589082 1.78591 1.99825 1 0.100175 
