4.43899 -13.5842 -0.462807 3.94171 1.53648 1.7555 6.24787 0 0.927031 
14.6748 -13.72 -0.334258 4.76257 1.85617 1.87429 6.29573 0 0.891708 
28.1945 0.749813 -0.737755 4.51096 1.83646 1.7327 6.37812 0 0.830576 
1.65815 -6.33887 -0.944179 0.773689 0.45972 1.4605 2.91703 1 0.268678 
13.7878 29.5647 -0.192023 5.09842 1.65402 2.69145 4.47024 0 0.199664 
2.69669 -15.2231 -0.464229 0.716372 0.632819 1.66943 2.19516 1 0.188421 
4.47653 -6.36497 -0.931669 0.640672 0.324716 1.27632 3.24762 1 0.186621 
5.81865 17.8266 -0.789435 3.58775 1.65098 1.88158 6.07198 0 0.179472 
28.3328 -15.9164 -0.092854 0.787139 0.620747 1.80173 2.59441 1 0.177683 
0.369309 16.5711 -0.624108 3.81078 1.71454 1.81683 3.2368 0 0.175235 
10.4398 26.8497 -0.327269 5.48566 1.72014 2.69118 4.65861 0 0.169089 
53.6308 3.72176 -0.298323 3.78817 1.76044 1.70035 6.36897 0 0.165861 
27.0417 -15.5781 -0.11137 0.882853 0.698984 1.88782 3.0676 1 0.157505 
19.5696 -15.001 -0.377873 0.641322 0.544311 1.84251 0.920072 1 0.156124 
8.05311 -15.2273 -0.391921 0.518473 0.603035 1.69674 1.33059 1 0.146697 
15.6907 -7.07804 -0.722869 1.53101 0.577334 1.60424 1.48021 2 0.142217 
7.40628 -6.25275 -0.623991 0.90151 0.480155 1.7975 1.09716 1 0.136709 
7.08668 19.7723 -0.881546 3.97095 1.59892 1.89512 5.91765 0 0.134296 
10.1922 -6.33554 -0.861253 0.484064 0.385154 1.28236 3.85642 1 0.133845 
20.669 27.4293 -0.794689 3.51 1.55493 1.88648 6.51433 0 0.133728 
29.8666 -14.5622 -0.283239 1.83943 0.759493 1.64945 4.29064 2 0.127207 
13.2744 -7.28821 -0.727841 0.516885 0.559082 1.4477 6.18353 1 0.125596 
23.8858 26.3522 -0.414499 5.02156 1.57486 2.69121 4.64024 0 0.116208 
31.068 -14.9235 -0.0741847 1.71357 0.417451 1.69209 6.00237 2 0.112251 
32.0909 32.3007 -0.81839 3.82392 1.75755 2.00597 4.64054 0 0.103317 
29.15 -16.2288 -0.0538325 0.523905 0.635148 1.81168 5.67094 1 0.102379 
38.2325 -14.3955 -0.00171781 0.645491 0.599345 1.77887 2.25409 1 0.101174 
48.6525 8.48183 -0.533477 3.74017 1.65909 2.0507 3.32196 0 0.100594 
