26.7811 -5.25834 -0.606002 1.87059 0.44021 1.78208 5.68004 2 0.467027 
24.1605 -5.93834 -0.696486 1.71292 0.486025 1.6723 6.14539 2 0.332268 
27.2936 -7.92043 -0.665853 0.602085 0.670826 1.73922 6.53568 1 0.266844 
21.0957 -5.98017 -0.84305 0.8459 0.540295 1.48107 3.20034 1 0.261118 
9.32842 -19.4307 -1.06336 0.747979 0.666834 1.87217 2.72294 1 0.234336 
8.94889 -7.8988 -0.662208 0.565723 0.626915 1.77291 5.17148 1 0.226176 
6.09125 -6.24996 -0.784421 0.836538 0.587339 1.70201 5.17592 1 0.225795 
43.5224 8.55276 -0.756448 4.17866 1.68282 1.60851 5.91312 0 0.218821 
16.103 -5.96414 -0.704096 1.74129 0.505352 1.76135 6.12812 2 0.214493 
18.9776 -6.00978 -0.723079 1.80553 0.702948 1.69682 1.78155 2 0.206772 
2.57566 -5.65329 -0.638414 0.953867 0.644995 1.91107 1.49302 1 0.192759 
11.243 -6.17041 -0.751407 1.78655 0.647498 1.67368 0.990916 2 0.190002 
5.17992 -5.94706 -0.795402 0.892666 0.558416 1.69047 1.71481 1 0.187673 
3.55422 -6.34641 -0.855471 0.904803 0.586966 1.62682 2.1212 1 0.178388 
9.73687 -6.1731 -0.717262 0.702972 0.607618 1.72074 1.57873 1 0.174496 
3.88085 -19.4683 -0.916353 0.657851 0.619257 1.87969 2.5265 1 0.174318 
8.72241 -6.02619 -0.72883 0.851784 0.55691 1.75011 4.86054 1 0.172546 
4.22905 -6.18578 -0.799046 0.879963 0.610591 1.6854 1.64124 1 0.159912 
5.98342 14.6721 -0.00406886 5.31296 1.63453 2.62548 4.75992 0 0.144279 
15.8086 -17.4668 -0.870583 0.413668 0.779341 1.90855 5.8602 1 0.142345 
12.5413 -5.71568 -0.687138 0.757096 0.596303 1.77757 1.59543 1 0.141906 
16.9877 0.0768824 -0.799508 0.529522 0.50078 1.70252 1.08213 1 0.138791 
24.2129 -16.7977 -1.10248 1.59989 0.490169 1.73781 3.3737 2 0.137781 
1.29491 -5.94629 -0.841969 0.913088 0.605529 1.69177 4.98137 1 0.130493 
8.0782 -8.17888 -0.658273 0.956381 0.54734 1.77878 4.36426 1 0.128348 
17.2943 -6.19721 -0.815525 0.57036 0.677555 1.57722 4.03354 1 0.12819 
13.209 -5.93797 -0.74751 0.625407 0.6346 1.70598 5.4514 1 0.127949 
10.8459 -19.0885 -1.32086 0.637127 0.527263 1.58692 2.21159 1 0.12433 
8.98883 9.26507 -1.06303 0.653316 0.496522 1.5277 1.64948 1 0.119848 
31.6709 -17.8558 -1.27886 3.48085 1.59361 1.5415 6.34643 0 0.119616 
17.4412 8.85569 -1.0234 1.70973 0.580684 1.68051 6.29043 2 0.11856 
25.6554 -5.29481 -0.638993 0.72719 0.616564 1.71337 1.93068 1 0.118212 
13.5517 -8.24361 -0.680757 0.707582 0.597682 1.73621 2.66372 1 0.117271 
5.73008 -8.13214 -0.670763 0.893737 0.625255 1.79644 3.68301 1 0.117045 
8.05955 -6.9501 -0.72291 0.855232 0.569807 1.72109 1.77779 1 0.116015 
10.5801 -5.98967 -0.740359 0.622655 0.630035 1.71646 5.78744 1 0.109606 
36.0616 7.15531 -0.76616 1.81435 0.663929 1.85286 4.45977 2 0.109163 
39.3905 8.90628 -0.938885 3.63722 1.59059 1.52197 6.07947 0 0.102826 
14.7828 -5.93002 -0.799194 0.619777 0.596486 1.6893 5.33562 1 0.10253 
10.9994 9.08451 -1.02372 0.680039 0.691909 1.64827 3.31635 1 0.102379 
3.04849 8.52217 -0.998834 1.83324 0.78109 1.65517 6.49652 2 0.101448 
